0.8811777397520697
0.8815293695367439
0.8928736420652804
0.9212633180925586
0.9215991463546755
0.9216335561821625
0.9216414930448324
0.962712027462721
0.9627333049165372
0.9627555515630397
0.9627754165612696
0.9627759110490295
0.962775918554682
0.9872948844266491
0.9875357172924826
0.9877827612607888
0.9877899880057339
0.9888626462332013
0.9889804526982662
0.9890194525428138
0.9892175750502543
0.9892829619950448
0.9892944222923492
0.9893076462067436
0.9902113153281793
0.9902119181588077
0.9902839879906732
0.9902840287971763
0.9902840430274269
0.9902840658607771
0.9902840744637265
0.9902840811907585
0.9902840890167705