0.6711418966760241
0.7299756852929491
0.9208859724759897
0.9209086882673967
0.9215643818581687
0.9215942071170319
0.9215977999058452
0.9218088874438154
0.9573186963032648
0.9573423492400639
0.9614226505732704
0.9614381408420998
0.9627130927276151
0.9627142576214995
0.9627314129167399
0.9627756024927737
0.9627757143031359
0.9627757468516048
0.9627757613124874
0.9627757898372431
0.9706576557388185
0.9768043698000669
0.9898717327209021
0.9900570952830916
0.9901724347425346
0.9901727751481413
0.9902378774383537
0.9902414693028962
0.9902416415867568
0.9902428607769677
0.990283568650695
0.9902835707824038
0.9902836980324217
0.990283713202804
0.9902839095181842
0.9902840699842552
0.990284073305797
0.999152634350949
0.9992301588401918
0.9992313736045398
0.999814051185006
0.9998341141403813
0.9998353293961068
0.9999533094901041
0.9999967168569084