0.8287713095138544
0.8940091358023192
0.894011208679685
0.8972000339326386
0.8972881496238814
0.8972901802111661
0.9622803018333028
0.9622884394647531
0.962343517078706
0.9624033850796092
0.9622965097470865
0.9623829034365813
0.9623833584385313
0.9624087200915197
0.962693606221658
0.9627191747839152
0.9627398024032157
0.9627480498524988
0.962757692612624
0.9627593666271053
0.9627635266367651
0.9627741520904257
0.9627747383763926
0.9627748175991622
0.9627748250395556
0.9627748969828318
0.9627749019422025
0.9627752806120384
0.9627753130157208
0.9627757809753317
0.9627758408823586
0.96277584730101
0.962775861378778
0.9902483802815001
0.9932684239922012
0.9939918131540331
0.9991702498908261
0.9993360790861505
0.9999752542690701
0.9999920055307268
0.9999921193307009
0.9999933210589578
0.9999935623151257
0.9999986878799023
0.9999987834723076
0.9999988790647192
0.9999992159142176
0.9999998349891699
0.9999999988619942